%!PS
%%BoundingBox: -14 -8 14 5 
%%HiResBoundingBox: -13.5658 -7.11168 13.5658 4.66739 
%%Creator: MetaPost 2.00
%%CreationDate: 2022.03.19:0009
%%Pages: 1
%%BeginProlog
%%EndProlog
%%Page: 1 1
 0 0 0 setrgbcolor
newpath 13.5658 -3.67163 moveto
11.59465 -3.75111 10.7161 -4.32149 10.09636 -4.7458 curveto
9.42603 -4.32704 7.48354 -3.4882 6.10483 -5.32089 curveto
4.77872 -4.25775 2.74438 -4.59044 0.39635 -6.21179 curveto
0.4442 -6.56436 0.25246 -7.04741 -0.16632 -6.77075 curveto
0.06044 -6.52132 -0.11719 -6.4615 -0.1974 -6.74802 curveto
-0.29587 -6.68477 -0.32281 -6.57184 -0.15366 -6.4235 curveto
-1.79 -6.27663 -2.67094 -6.50626 -4.10417 -7.11168 curveto
-3.77057 -6.14633 -3.79443 -5.2838 -4.52348 -4.8291 curveto
-4.75409 -4.68526 -4.94447 -5.27312 -5.08662 -5.0646 curveto
-4.90572 -4.79523 -5.03505 -4.90135 -5.14183 -5.0423 curveto
-5.54752 -4.6924 -5.03642 -4.47784 -4.8881 -4.46758 curveto
-4.64606 -3.814 -6.14755 -2.19373 -7.83868 -1.33171 curveto
-8.22026 -0.55507 -8.57753 0.73465 -10.96964 1.11769 curveto
-11.1313 2.28731 -11.8923 3.77142 -13.5658 3.67163 curveto
-12.82036 3.98077 -11.71962 4.53734 -10.89658 4.49832 curveto
-9.91864 4.71269 -8.88834 4.83524 -7.64682 4.15459 curveto
-5.76619 3.12363 -5.2073 2.45087 -5.06697 2.15002 curveto
-4.85771 1.70142 -4.5233 2.07935 -4.72307 2.49269 curveto
-4.13562 2.20113 -4.93285 1.96599 -4.2277 1.4639 curveto
-3.51633 0.74074 -3.39655 0.27078 -2.97638 -0.51498 curveto
-2.28304 -0.88293 -1.70865 -1.26631 -1.22617 -1.58665 curveto
-0.7 -1.52158 -0.30234 -1.39702 0.19987 -1.58011 curveto
0.5785 -1.13492 0.87143 -0.74942 1.03233 -0.40477 curveto
1.44849 -0.38556 1.66573 -1.42401 1.66472 -1.43228 curveto
2.34863 -1.56537 lineto
2.34863 -1.56537 2.62775 -0.97986 2.87277 -0.88217 curveto
3.17833 -1.25497 3.33786 -1.79669 3.1675 -2.46004 curveto
3.81361 -2.45197 4.16084 -2.8342 5.02881 -2.14975 curveto
5.34406 -1.90114 6.20918 -1.47038 7.24226 -1.18497 curveto
7.76488 -1.04059 7.30861 -0.4488 7.98618 -0.57463 curveto
7.84584 -0.58723 7.72836 -0.6633 7.69319 -0.86473 curveto
7.65552 -1.08032 7.68782 -1.1892 7.9086 -1.1514 curveto
8.99333 -1.07068 10.74269 -1.41139 11.895 -2.35695 curveto
12.02837 -2.42438 13.06897 -2.98854 13.5658 -3.67163 curveto closepath fill
showpage
%%EOF
